C = [
-4.596689 -5.143026 -4.793048
-3.808593 -4.344733 -4.126922
-3.602914 -4.048417 -3.810522
-3.390181 -3.749675 -3.459558
-3.125016 -3.562304 -3.305726
-2.898316 -3.383761 -3.160674
-2.804104 -3.296030 -3.105191
-2.711675 -3.220201 -3.019273
-2.621743 -3.116585 -2.927112
-2.555938 -3.003722 -2.822198
-2.495459 -2.887462 -2.728705
-2.447888 -2.793087 -2.630394
-2.399202 -2.706184 -2.533761
-2.357169 -2.623549 -2.432618
-2.307909 -2.547830 -2.346138
-2.266099 -2.472899 -2.267752
-2.218187 -2.417476 -2.208656
-2.179159 -2.379596 -2.171466
-2.126490 -2.342826 -2.141738
-2.064194 -2.303275 -2.102085
-1.995244 -2.259312 -2.072481
-1.938737 -2.212333 -2.036552
-1.893766 -2.177873 -2.003384
-1.860741 -2.142171 -1.968633
-1.823670 -2.109105 -1.936936
-1.783154 -2.070101 -1.901233
-1.743622 -2.027286 -1.858324
-1.705588 -1.986369 -1.821342
-1.675230 -1.952710 -1.782369
-1.643011 -1.914477 -1.744328
-1.606863 -1.870095 -1.712009
-1.571259 -1.836663 -1.686016
-1.540103 -1.802898 -1.650221
-1.514977 -1.770897 -1.624528
-1.489448 -1.734742 -1.599850
-1.468466 -1.709912 -1.570131
-1.442295 -1.674027 -1.543580
-1.427021 -1.641768 -1.510502
-1.409052 -1.619099 -1.481888
-1.383875 -1.597072 -1.453402
-1.368812 -1.575122 -1.430782
-1.352768 -1.555679 -1.400329
-1.337042 -1.527961 -1.374997
-1.326244 -1.498228 -1.351805
-1.299674 -1.469130 -1.319755
-1.282188 -1.450809 -1.300075
-1.265429 -1.424490 -1.274257
-1.243450 -1.403611 -1.253143
-1.228458 -1.382471 -1.230142
-1.212030 -1.345984 -1.214250
-1.194153 -1.322545 -1.188425
-1.180356 -1.311316 -1.189214
-1.165608 -1.285012 -1.165505
-1.149482 -1.270381 -1.146125
-1.127037 -1.251780 -1.130881
-1.113489 -1.223075 -1.116392
-1.097794 -1.197675 -1.091686
-1.082622 -1.177966 -1.076399
-1.059298 -1.157137 -1.062415
-1.042899 -1.130455 -1.056725
-1.016996 -1.117584 -1.042267
-0.995441 -1.104010 -1.024464
-0.963208 -1.097024 -1.021586
-0.950271 -1.095769 -1.004954
-0.943355 -1.096222 -0.991208
-0.923871 -1.078096 -0.979588
-0.910793 -1.063907 -0.970485
-0.900690 -1.048182 -0.956875
-0.893836 -1.033502 -0.939127
-0.897155 -1.013431 -0.926140
-0.882488 -0.990795 -0.898227
-0.880679 -0.973119 -0.888424
-0.859059 -0.952539 -0.873427
-0.849813 -0.932235 -0.851076
-0.856831 -0.914449 -0.836942
-0.846031 -0.896251 -0.821313
-0.830946 -0.875779 -0.803015
-0.811022 -0.859314 -0.784887
-0.794951 -0.838405 -0.769240
-0.774863 -0.818655 -0.761945
-0.751898 -0.800644 -0.741510
-0.729901 -0.778071 -0.723612
-0.713465 -0.758857 -0.715843
-0.685174 -0.738852 -0.694444
-0.669855 -0.721530 -0.683151
-0.653671 -0.702609 -0.667397
-0.635439 -0.683406 -0.649803
-0.609587 -0.666417 -0.635852
-0.593490 -0.646896 -0.624553
-0.577780 -0.630445 -0.607877
-0.557358 -0.608438 -0.591477
-0.538049 -0.592826 -0.577113
-0.523212 -0.574221 -0.558201
-0.502303 -0.562076 -0.533132
-0.484727 -0.551671 -0.519078
-0.473822 -0.527627 -0.507788
-0.462603 -0.511698 -0.491808
-0.451083 -0.492334 -0.476563
-0.439844 -0.471448 -0.453250
-0.425925 -0.449119 -0.433598
-0.412530 -0.432081 -0.421018
-0.398537 -0.415268 -0.404309
-0.385290 -0.396285 -0.385064
-0.365432 -0.376701 -0.358950
-0.354381 -0.360863 -0.338102
-0.342382 -0.345833 -0.324689
-0.325607 -0.327797 -0.310455
-0.313052 -0.309256 -0.292634
-0.290579 -0.290507 -0.276211
-0.277487 -0.277634 -0.254407
-0.255684 -0.259941 -0.241658
-0.240851 -0.247686 -0.221366
-0.231644 -0.230790 -0.209457
-0.209259 -0.212724 -0.186999
-0.197269 -0.196859 -0.171794
-0.179435 -0.180879 -0.159104
-0.165630 -0.169228 -0.141509
-0.150310 -0.156078 -0.130851
-0.140817 -0.142148 -0.116673
-0.122499 -0.126459 -0.105017
-0.109120 -0.114443 -0.087494
-0.098334 -0.095850 -0.076400
-0.077286 -0.082850 -0.067324
-0.067714 -0.070088 -0.054216
-0.051818 -0.055128 -0.045877
-0.043657 -0.042968 -0.035874
-0.027140 -0.028529 -0.023649
-0.018802 -0.018761 -0.010708
0.000000 0.000000 0.000000
0.009751 0.013902 0.013026
0.025665 0.027878 0.027480
0.031974 0.037938 0.034627
0.047649 0.051618 0.047233
0.059672 0.063700 0.061971
0.072762 0.077610 0.077652
0.085955 0.087834 0.088727
0.099196 0.101172 0.103027
0.110018 0.112085 0.115657
0.119629 0.120486 0.130005
0.130512 0.136284 0.139725
0.140846 0.151188 0.153359
0.154984 0.166557 0.169602
0.164675 0.180127 0.184211
0.174294 0.195573 0.204077
0.190280 0.211365 0.218755
0.200609 0.229787 0.233162
0.211976 0.244852 0.248895
0.227001 0.258906 0.263874
0.239842 0.272986 0.283704
0.247815 0.289360 0.296797
0.264903 0.302950 0.314338
0.279732 0.317223 0.328073
0.294096 0.330254 0.343504
0.314212 0.349271 0.352989
0.329298 0.362823 0.370287
0.344966 0.380481 0.385035
0.364635 0.392016 0.401634
0.381825 0.407705 0.412311
0.399072 0.423120 0.422379
0.414148 0.435674 0.444806
0.430618 0.452751 0.457989
0.448657 0.468754 0.472420
0.467293 0.484729 0.487267
0.478851 0.500704 0.502723
0.495286 0.512069 0.516366
0.508200 0.528646 0.531718
0.520414 0.544871 0.544947
0.532550 0.559083 0.561235
0.547474 0.578006 0.580259
0.562337 0.593406 0.593564
0.575244 0.611695 0.611187
0.589587 0.630100 0.622727
0.602872 0.647940 0.640698
0.622523 0.668842 0.662399
0.638198 0.688451 0.673924
0.654848 0.711541 0.684939
0.673516 0.735043 0.707737
0.696611 0.744949 0.722179
0.716835 0.751912 0.735711
0.736298 0.759945 0.749094
0.750772 0.766439 0.764398
0.765054 0.771378 0.781532
0.780205 0.784935 0.795798
0.786290 0.794492 0.808678
0.798975 0.808623 0.816863
0.816436 0.822648 0.839912
0.825368 0.837124 0.851528
0.842182 0.854041 0.867127
0.853906 0.870420 0.885580
0.865971 0.883951 0.899663
0.881452 0.898366 0.911069
0.899252 0.912263 0.926914
0.910957 0.928002 0.940848
0.925814 0.943021 0.961806
0.937074 0.961401 0.974454
0.953626 0.979457 0.992959
0.962595 0.997597 1.003072
0.979824 1.014941 1.019605
0.996793 1.034789 1.035935
1.017553 1.049358 1.051375
1.029479 1.070423 1.065383
1.051847 1.092723 1.080623
1.069657 1.112743 1.096203
1.093026 1.128719 1.106320
1.110487 1.141355 1.116562
1.124301 1.162810 1.131369
1.141773 1.174464 1.147279
1.153586 1.189069 1.164831
1.157395 1.199695 1.173310
1.178024 1.209651 1.190318
1.190967 1.221486 1.201904
1.204671 1.234058 1.215753
1.219615 1.243697 1.225437
1.241072 1.257333 1.239094
1.255333 1.278611 1.252275
1.272055 1.294159 1.271660
1.281595 1.310933 1.283476
1.306207 1.327670 1.290434
1.319005 1.342344 1.299304
1.336864 1.358622 1.301995
1.352541 1.377930 1.324190
1.368018 1.395530 1.342289
1.382726 1.413969 1.348993
1.408972 1.426729 1.357398
1.426350 1.443591 1.368251
1.431656 1.457683 1.376213
1.443229 1.472866 1.402831
1.455269 1.487956 1.417767
1.465849 1.503554 1.426507
1.488149 1.513151 1.445037
1.500853 1.530088 1.456768
1.517691 1.546156 1.468374
1.536338 1.560870 1.497517
1.549289 1.574130 1.511741
1.565946 1.585297 1.520346
1.583101 1.607251 1.543923
1.593897 1.621374 1.563826
1.611071 1.628530 1.579519
1.631257 1.646390 1.602625
1.651956 1.663425 1.613282
1.672977 1.682769 1.639964
1.687673 1.702383 1.665564
1.714627 1.729962 1.680524
1.723948 1.738260 1.718579
1.749782 1.765061 1.748085
1.768405 1.790233 1.741197
1.789140 1.805862 1.799237
1.820673 1.828647 1.788117
1.853107 1.865949 1.866802
1.893698 1.912039 1.859583
1.950339 1.970216 1.953657
2.048947 2.036700 2.067258
2.167522 2.138659 2.073445
2.228047 2.289807 2.289993
2.228047 2.289807 2.289993
2.228047 2.289807 2.289993
];
